>> A = randn(5,5);
>> [L,U] = LU_simple(A);
>> A - L*U

ans =

   1.0e-13 *

         0         0         0         0         0
         0   -0.0006         0   -0.0003    0.0001
         0    0.0006         0         0   -0.0022
         0         0         0   -0.0044    0.0067
         0         0   -0.0022   -0.0144    0.2864
