>> A = [1 2 3 4; 0 5 6 7; 0 0 8 9; 0 0 0 10];
>> b = randn(4,1);
>> x1 = LIN_SOL_U(A,b)

x1 =

   -0.8606
   -0.3568
    0.0810
   -0.0177

>> x2 = inv(A)*b

x2 =

   -0.8606
   -0.3568
    0.0810
   -0.0177
