>> data = load('taikaku.txt');
>> [P,c,a] = PCA(data)

P =

    0.5285    0.8489
    0.8489   -0.5285


c =

    0.8419
    0.1581


a =

    0.8419
    1.0000
