>> A = randn(5,5);
>> [L,U,P,sg] = LU(A);
>> P*A - L*U

ans =

   1.0e-15 *

         0         0         0         0         0
         0         0         0         0         0
         0   -0.1110         0    0.0555         0
         0         0         0    0.1110    0.1110
         0         0         0    0.0278    0.0555
