>> A = randn(5,5);
>> b = randn(5,1);
>> x1 = LIN_SOL(A,b)

x1 =

    0.1753
    0.0283
    0.4301
   -0.2279
   -0.3956

>> x2 = inv(A)*b

x2 =

    0.1753
    0.0283
    0.4301
   -0.2279
   -0.3956
