>> A = randn(5,5);
>> A = A + A';
>> [P,L] = EIG(A)

P =

   -0.2212   -0.5715   -0.2828    0.6781   -0.2910
    0.5711    0.2008   -0.4508    0.3929    0.5252
    0.7569   -0.0817    0.2661    0.0357   -0.5902
    0.0855   -0.3777    0.7339    0.2332    0.5070
   -0.2113    0.6955    0.3277    0.5746   -0.1848


L =

    6.3320         0         0         0         0
         0    4.1203         0         0         0
         0         0    0.9819         0         0
         0         0         0   -3.5206         0
         0         0         0         0   -5.9431

>> [P,L] = eig(A)

P =

   -0.2910    0.6781   -0.2828    0.5715   -0.2212
    0.5252    0.3929   -0.4508   -0.2008    0.5711
   -0.5902    0.0357    0.2661    0.0817    0.7569
    0.5070    0.2332    0.7339    0.3777    0.0855
   -0.1848    0.5746    0.3277   -0.6955   -0.2113


L =

   -5.9431         0         0         0         0
         0   -3.5206         0         0         0
         0         0    0.9819         0         0
         0         0         0    4.1203         0
         0         0         0         0    6.3320

